0.08163265306122448,0.07482993197278912,0.10884353741496598,0.11564625850340136,0.07482993197278912,0.08163265306122448,0.08163265306122448,0.11564625850340136,0.05442176870748299,0.06802721088435375,0.027210884353741496,0.05442176870748299,0.061224489795918366,
0.0684931506849315,0.0684931506849315,0.07534246575342465,0.04794520547945205,0.04794520547945205,0.0821917808219178,0.08904109589041095,0.08904109589041095,0.10273972602739725,0.07534246575342465,0.04794520547945205,0.10273972602739725,0.10273972602739725,
0.07547169811320754,0.050314465408805034,0.06918238993710692,0.06289308176100629,0.0880503144654088,0.07547169811320754,0.0880503144654088,0.09433962264150944,0.07547169811320754,0.050314465408805034,0.07547169811320754,0.12578616352201258,0.06918238993710692,
0.07453416149068323,0.031055900621118012,0.08695652173913043,0.08695652173913043,0.08695652173913043,0.062111801242236024,0.09937888198757763,0.062111801242236024,0.07453416149068323,0.07453416149068323,0.07453416149068323,0.08695652173913043,0.09937888198757763,
0.04827586206896552,0.0896551724137931,0.07586206896551724,0.09655172413793103,0.041379310344827586,0.06896551724137931,0.04827586206896552,0.08275862068965517,0.07586206896551724,0.07586206896551724,0.1103448275862069,0.08275862068965517,0.10344827586206896,
0.06707317073170732,0.07317073170731707,0.0975609756097561,0.06097560975609756,0.06707317073170732,0.08536585365853659,0.06707317073170732,0.08536585365853659,0.07317073170731707,0.10975609756097561,0.054878048780487805,0.054878048780487805,0.10365853658536585,
0.047619047619047616,0.07738095238095238,0.10714285714285714,0.047619047619047616,0.10714285714285714,0.07738095238095238,0.10119047619047619,0.10119047619047619,0.041666666666666664,0.07142857142857142,0.05952380952380952,0.1130952380952381,0.047619047619047616,
0.07746478873239436,0.1056338028169014,0.07746478873239436,0.06338028169014084,0.04929577464788732,0.07042253521126761,0.11971830985915492,0.07042253521126761,0.06338028169014084,0.056338028169014086,0.056338028169014086,0.1056338028169014,0.08450704225352113,
0.056962025316455694,0.06329113924050633,0.08227848101265822,0.10126582278481013,0.08227848101265822,0.08860759493670886,0.08227848101265822,0.06329113924050633,0.056962025316455694,0.0949367088607595,0.06962025316455696,0.0949367088607595,0.06329113924050633,
0.0945945945945946,0.0945945945945946,0.033783783783783786,0.07432432432432433,0.08108108108108109,0.0945945945945946,0.060810810810810814,0.08783783783783784,0.08783783783783784,0.12162162162162163,0.060810810810810814,0.06756756756756757,0.04054054054054054,
0.08917197452229299,0.08917197452229299,0.11464968152866242,0.05732484076433121,0.07643312101910828,0.050955414012738856,0.07643312101910828,0.08917197452229299,0.08280254777070063,0.06369426751592357,0.07006369426751592,0.06369426751592357,0.07643312101910828,
0.0784313725490196,0.0718954248366013,0.0915032679738562,0.0718954248366013,0.058823529411764705,0.0915032679738562,0.0915032679738562,0.032679738562091505,0.1111111111111111,0.06535947712418301,0.0718954248366013,0.09803921568627451,0.06535947712418301,
0.03289473684210526,0.03289473684210526,0.05263157894736842,0.09210526315789473,0.10526315789473684,0.09210526315789473,0.09868421052631579,0.07894736842105263,0.05263157894736842,0.09868421052631579,0.10526315789473684,0.08552631578947369,0.07236842105263158,

0.14144736842105263,0.1611842105263158,0.09868421052631579,0.15789473684210525,0.1611842105263158,0.14473684210526316,0.13486842105263158,
0.14335664335664336,0.15384615384615385,0.13636363636363635,0.14335664335664336,0.13286713286713286,0.15384615384615385,0.13636363636363635,
0.19218241042345277,0.13029315960912052,0.12052117263843648,0.1498371335504886,0.12052117263843648,0.13029315960912052,0.1563517915309446,
0.11904761904761904,0.12698412698412698,0.15476190476190477,0.17063492063492064,0.14285714285714285,0.14285714285714285,0.14285714285714285,
0.13703703703703704,0.1037037037037037,0.17407407407407408,0.14444444444444443,0.15185185185185185,0.15925925925925927,0.12962962962962962,
0.13780918727915195,0.14487632508833923,0.10247349823321555,0.1696113074204947,0.13427561837455831,0.14487632508833923,0.16607773851590105,
0.1476510067114094,0.15771812080536912,0.11073825503355705,0.1174496644295302,0.17785234899328858,0.1644295302013423,0.12416107382550336,
