0.05732484076433121,0.08280254777070063,0.07006369426751592,0.06369426751592357,0.10191082802547771,0.044585987261146494,0.10191082802547771,0.09554140127388536,0.050955414012738856,0.10828025477707007,0.10191082802547771,0.05732484076433121,0.06369426751592357,
0.07006369426751592,0.10828025477707007,0.07006369426751592,0.08917197452229299,0.07643312101910828,0.06369426751592357,0.08280254777070063,0.06369426751592357,0.07006369426751592,0.09554140127388536,0.08917197452229299,0.03821656050955414,0.08280254777070063,
0.09420289855072464,0.043478260869565216,0.08695652173913043,0.043478260869565216,0.11594202898550725,0.050724637681159424,0.06521739130434782,0.10869565217391304,0.10144927536231885,0.08695652173913043,0.07246376811594203,0.057971014492753624,0.07246376811594203,
0.02112676056338028,0.07746478873239436,0.09859154929577464,0.09859154929577464,0.06338028169014084,0.09154929577464789,0.07746478873239436,0.07746478873239436,0.056338028169014086,0.07746478873239436,0.09859154929577464,0.07042253521126761,0.09154929577464789,
0.08484848484848485,0.048484848484848485,0.048484848484848485,0.09696969696969697,0.06060606060606061,0.07878787878787878,0.09090909090909091,0.09696969696969697,0.07272727272727272,0.05454545454545454,0.10303030303030303,0.07878787878787878,0.08484848484848485,
0.09615384615384616,0.12179487179487179,0.07692307692307693,0.07051282051282051,0.05128205128205128,0.08333333333333333,0.05128205128205128,0.08333333333333333,0.09615384615384616,0.057692307692307696,0.057692307692307696,0.09615384615384616,0.057692307692307696,
0.06535947712418301,0.06535947712418301,0.06535947712418301,0.0457516339869281,0.06535947712418301,0.08496732026143791,0.11764705882352941,0.06535947712418301,0.0196078431372549,0.0718954248366013,0.08496732026143791,0.0915032679738562,0.1568627450980392,
0.12418300653594772,0.09803921568627451,0.058823529411764705,0.0915032679738562,0.10457516339869281,0.0457516339869281,0.06535947712418301,0.12418300653594772,0.0392156862745098,0.06535947712418301,0.058823529411764705,0.058823529411764705,0.06535947712418301,
0.06748466257668712,0.0736196319018405,0.08588957055214724,0.09202453987730061,0.06748466257668712,0.06748466257668712,0.07975460122699386,0.06748466257668712,0.06748466257668712,0.1165644171779141,0.0736196319018405,0.0736196319018405,0.06748466257668712,
0.0958904109589041,0.0410958904109589,0.07534246575342465,0.08904109589041095,0.1095890410958904,0.0547945205479452,0.07534246575342465,0.08904109589041095,0.04794520547945205,0.0958904109589041,0.10273972602739725,0.0684931506849315,0.0547945205479452,
0.07142857142857142,0.04285714285714286,0.05714285714285714,0.07857142857142857,0.06428571428571428,0.07857142857142857,0.05714285714285714,0.09285714285714286,0.10714285714285714,0.08571428571428572,0.02857142857142857,0.1357142857142857,0.1,
0.0658682634730539,0.08383233532934131,0.0718562874251497,0.09580838323353294,0.09580838323353294,0.041916167664670656,0.0718562874251497,0.07784431137724551,0.059880239520958084,0.11976047904191617,0.0718562874251497,0.0658682634730539,0.07784431137724551,
0.12883435582822086,0.049079754601226995,0.05521472392638037,0.07975460122699386,0.0736196319018405,0.06748466257668712,0.07975460122699386,0.06134969325153374,0.06748466257668712,0.06748466257668712,0.07975460122699386,0.06748466257668712,0.12269938650306748,

0.14726027397260275,0.1267123287671233,0.1815068493150685,0.136986301369863,0.1232876712328767,0.13356164383561644,0.1506849315068493,
0.14383561643835616,0.13013698630136986,0.14383561643835616,0.11643835616438356,0.14726027397260275,0.14383561643835616,0.17465753424657535,
0.14661654135338345,0.16165413533834586,0.10150375939849623,0.14285714285714285,0.17293233082706766,0.15037593984962405,0.12406015037593984,
0.15916955017301038,0.17301038062283736,0.11072664359861592,0.12110726643598616,0.14878892733564014,0.14186851211072665,0.1453287197231834,
0.13513513513513514,0.15202702702702703,0.12162162162162163,0.14527027027027026,0.16554054054054054,0.14189189189189189,0.13851351351351351,
0.1897810218978102,0.12408759124087591,0.11313868613138686,0.15328467153284672,0.16423357664233576,0.14233576642335766,0.11313868613138686,
0.15807560137457044,0.13058419243986255,0.12027491408934708,0.12371134020618557,0.17525773195876287,0.1718213058419244,0.12027491408934708,
