0.07534246575342465,0.0821917808219178,0.0958904109589041,0.08904109589041095,0.0821917808219178,0.06164383561643835,0.0821917808219178,0.0821917808219178,0.10273972602739725,0.0410958904109589,0.03424657534246575,0.0958904109589041,0.07534246575342465,
0.03896103896103896,0.07792207792207792,0.08441558441558442,0.045454545454545456,0.11688311688311688,0.07792207792207792,0.06493506493506493,0.07792207792207792,0.07792207792207792,0.1038961038961039,0.05844155844155844,0.07142857142857142,0.1038961038961039,
0.05333333333333334,0.06666666666666667,0.07333333333333333,0.14,0.09333333333333334,0.07333333333333333,0.08666666666666667,0.04,0.08,0.04,0.06,0.09333333333333334,0.1,
0.056338028169014086,0.09154929577464789,0.07042253521126761,0.056338028169014086,0.04929577464788732,0.056338028169014086,0.04929577464788732,0.11971830985915492,0.09859154929577464,0.06338028169014084,0.11267605633802817,0.11267605633802817,0.06338028169014084,
0.09467455621301775,0.047337278106508875,0.07692307692307693,0.08284023668639054,0.08875739644970414,0.11834319526627218,0.08284023668639054,0.0650887573964497,0.10650887573964497,0.03550295857988166,0.07100591715976332,0.04142011834319527,0.08875739644970414,
0.04697986577181208,0.053691275167785234,0.10067114093959731,0.0738255033557047,0.053691275167785234,0.087248322147651,0.06040268456375839,0.11409395973154363,0.06711409395973154,0.0738255033557047,0.08053691275167785,0.10738255033557047,0.08053691275167785,
0.08484848484848485,0.09090909090909091,0.09090909090909091,0.07272727272727272,0.07878787878787878,0.12121212121212122,0.048484848484848485,0.06666666666666667,0.06666666666666667,0.07272727272727272,0.048484848484848485,0.07272727272727272,0.08484848484848485,
0.06578947368421052,0.06578947368421052,0.05921052631578947,0.07894736842105263,0.09210526315789473,0.046052631578947366,0.07236842105263158,0.07236842105263158,0.11842105263157894,0.07894736842105263,0.08552631578947369,0.05921052631578947,0.10526315789473684,
0.08843537414965986,0.09523809523809523,0.034013605442176874,0.06802721088435375,0.034013605442176874,0.1292517006802721,0.08163265306122448,0.11564625850340136,0.08163265306122448,0.08163265306122448,0.05442176870748299,0.05442176870748299,0.08163265306122448,
0.04,0.04,0.08,0.1,0.1,0.1,0.08,0.06,0.08666666666666667,0.09333333333333334,0.07333333333333333,0.06666666666666667,0.08,
0.0755813953488372,0.06395348837209303,0.05813953488372093,0.10465116279069768,0.0755813953488372,0.0755813953488372,0.10465116279069768,0.0755813953488372,0.11627906976744186,0.0755813953488372,0.05813953488372093,0.05813953488372093,0.05813953488372093,
0.0949367088607595,0.08227848101265822,0.06962025316455696,0.0759493670886076,0.06962025316455696,0.0759493670886076,0.08860759493670886,0.05063291139240506,0.0949367088607595,0.0759493670886076,0.08227848101265822,0.08227848101265822,0.056962025316455694,
0.10273972602739725,0.04794520547945205,0.0684931506849315,0.08904109589041095,0.04794520547945205,0.08904109589041095,0.04794520547945205,0.0547945205479452,0.0821917808219178,0.13013698630136986,0.1232876712328767,0.0684931506849315,0.04794520547945205,

0.1696113074204947,0.13427561837455831,0.1696113074204947,0.1625441696113074,0.10247349823321555,0.15547703180212014,0.10600706713780919,
0.12455516014234876,0.15302491103202848,0.1708185053380783,0.1387900355871886,0.14590747330960854,0.13523131672597866,0.13167259786476868,
0.10891089108910891,0.16501650165016502,0.1419141914191419,0.1188118811881188,0.1419141914191419,0.1617161716171617,0.1617161716171617,
0.12110726643598616,0.12110726643598616,0.18339100346020762,0.1384083044982699,0.12110726643598616,0.15916955017301038,0.15570934256055363,
0.14625850340136054,0.10884353741496598,0.13945578231292516,0.14965986394557823,0.15306122448979592,0.11564625850340136,0.1870748299319728,
0.21611721611721613,0.1391941391941392,0.11355311355311355,0.1391941391941392,0.16483516483516483,0.10256410256410256,0.12454212454212454,
0.148014440433213,0.1444043321299639,0.1263537906137184,0.12274368231046931,0.1444043321299639,0.1588447653429603,0.1552346570397112,
